0 1 2 3 4 5 6 7 8 9 
0 1 2 3 4 5 6 7 8 9 
0 1 2 3 4 5 6 7 8 9 
0 1 2 3 4 5 6 7 8 9 
1 1 1 1 1 1 1 1 1 1 0 0 0 0 0 0 0 0 0 0 
-1 -2 -3 -4 -5 -6 -7 -8 -9 -10 0 1 2 3 4 5 6 7 8 9 
-1 -2 -3 -4 -5 -6 -7 -8 -9 -10 0 1 2 3 4 5 6 7 8 9 
0 1 2 3 4 5 6 7 8 9 0 1 2 3 4 5 6 7 8 9 
0 1 2 3 4 5 6 7 8 9 0 1 2 3 4 5 6 7 8 9 
1 3 5 7 9 0 1 2 3 4 5 6 7 8 9 
1 3 5 7 9 0 1 2 3 4 5 6 7 8 9 
1 3 0 1 2 3 4 5 7 9 
1 3 0 1 2 3 4 5 7 9 
1 3 5 7 9 
1 3 5 7 9 
0 1 2 3 4 5 6 7 8 9 
0 1 2 3 4 5 6 7 8 9 
0 1 2 3 4 5 6 7 8 9 
0 1 2 3 4 5 6 7 8 9 
1 1 1 1 1 1 1 1 1 1 0 0 0 0 0 0 0 0 0 0 
-1 -2 -3 -4 -5 -6 -7 -8 -9 -10 0 1 2 3 4 5 6 7 8 9 
-1 -2 -3 -4 -5 -6 -7 -8 -9 -10 0 1 2 3 4 5 6 7 8 9 
0 1 2 3 4 5 6 7 8 9 0 1 2 3 4 5 6 7 8 9 
0 1 2 3 4 5 6 7 8 9 0 1 2 3 4 5 6 7 8 9 
1 3 5 7 9 0 1 2 3 4 5 6 7 8 9 
1 3 5 7 9 0 1 2 3 4 5 6 7 8 9 
1 3 0 1 2 3 4 5 7 9 
1 3 0 1 2 3 4 5 7 9 
1 3 5 7 9 
1 3 5 7 9 
0 0
1 1
2 2
3 3
4 4
0 0
1 1
2 2
3 3
4 4
5 5
6 6
7 7
8 8
9 9
0 1 2 3 4 5 6 7 8 9 
1 0 1 1 1 1 1 1 1 1 1 1 1 1 1 1 1 1 1 1 0 1 0 0 0 0 0 0 0 0 0 0 0 0 0 0 0 0 0 0 
1 2 3 4 5 6 7 8 9 10 
1 2
2 3
3 4
4 5
5 6
6 7
7 8
8 9
9 10
9
2 3
3 4
4 5
5 6
6 7
7 8
8 9
9 10
8
3 4
4 5
5 6
6 7
7 8
8 9
9 10
7
4 5
5 6
6 7
7 8
8 9
9 10
6
5 6
6 7
7 8
8 9
9 10
5
6 7
7 8
8 9
9 10
4
7 8
8 9
9 10
3
8 9
9 10
2
9 10
1
0
1
1
0 0
1 1
2 2
3 3
4 4
5 5
6 6
7 7
8 8
9 9
0 1 2 3 4 5 6 7 8 9 
1 0 1 1 1 1 1 1 1 1 1 1 1 1 1 1 1 1 1 1 0 1 0 0 0 0 0 0 0 0 0 0 0 0 0 0 0 0 0 0 
1 2 3 4 5 6 7 8 9 10 
1 2
2 3
3 4
4 5
5 6
6 7
7 8
8 9
9 10
9
2 3
3 4
4 5
5 6
6 7
7 8
8 9
9 10
8
3 4
4 5
5 6
6 7
7 8
8 9
9 10
7
4 5
5 6
6 7
7 8
8 9
9 10
6
5 6
6 7
7 8
8 9
9 10
5
6 7
7 8
8 9
9 10
4
7 8
8 9
9 10
3
8 9
9 10
2
9 10
1
0
1
1
